2a5a41c78b09d23db8e20338df6440c5 367 2762 2762 96
7d52d171eaa8f7b5e1f279c450965082 152 85739 24502 152
816af7537cd070a742c2e0ed966327ea 66 6008 324 16
aab9d478938774d2247bd36ed54f0236 14 12445 157 14
84e5d5d2242f4960ee5ee1c5b4cafeb0 41 298379 67464 40
d0d48bff03605e39458e99dcf784615d 32 244170 120530 32
aab21c8cfe88a6aa3aabec964584b283 4 461 1 4
897a0cd9fbcb8b51a38fd1b21525ae0d 108 139241 16549 15
00e853c034b0e4f545af32b15971d07d 135 572803 486283 135
f01733b4daa4174277cb4c7bceb52cb9 64 97992 618 63
da378e1d64d2a0dec83c45e73e38905c 38 24184 14462 38
3d2ca3af6964448b22c304627c664eda 47 41913 6144 47
f03cb1ca359e119f7a5f7b6e9b5848e8 10 315 78 10
e9a661e35897cdbd28a0290c737039cc 52 23620 5777 52
4919caad3211b8740f48f4f90761ba48 40 8183 4793 40
f174b3688363e649b5d02127969c17fd 57 20450 6274 57
f2020933ac3849bb29825bf1b67fe27f 165 54739 30826 165
49b093142b68fa2b8fcc98501d33d361 287 64206 25610 287
34318755f0d2b888f550b0e518987129 44 446691 437885 44
343a7b3d905a85efc52a6a16f680c206 3 55 0 3
6caa41ef91c1002a5bc8be11971bd8e9 33 4623 985 33
2a68c2af9b97e93b03f828c2b0df93fe 9 2457 634 9
a6bf7895137a8536949b24c9f0bc19a5 15 6198 785 15
e56dd4c7fe73c866911e0997f34bbed0 11 80713 960 11
8e2c0799002cd70769ef26f37dd96dda 95 60529 9201 95
03e2dd070e1383961cab8e516497212f 3 375 1 3
8cd932e20dd9a8c3863da1d0a0e33253 14 4542 2445 14
40c8442dfe834075119ce2430da7115e 113 1491402 1459263 113
04d4f69d5c3ec128e3d4e14ddb4ca955 19 1339 97 19
fb93929d3179de889d5689cfcfafc3eb 85 7 0 1
7db52d411a289ff96545e3c7156d9e37 3 54 0 3
779a936baa0a90f151c4192e44ebd222 29 15168 6664 29
0f91f42173dd4ecbe849b9c5d557ee31 9 4032 1399 9
62a28435c3c7fde262a4cb2f398a2bbf 34 189889 173342 33
196830c58b75f9f2b0833c9b6c8b3c5a 11 5354 1637 11
1b0cd09c2b3794ca1290f97bcfe7d2f3 38 94552 46 37
f6c0a3771823e77b71eb561612d16841 61 1985980 1985980 61
192b8ab6167e804539c74e03aeae18ff 2 557 5 2
9bbbeb0ad4bfa36aab267051a4806f70 4 6188 179 3
f56883a7cac102656b2ddbcace1fecf2 7 3260 1618 7
9c34c5b4cdbe7de42cbef40b76768aff 83 49076 41445 83
376b5c97761b00aaece6c34878b6bf8d 20 4266 1318 20
ebc67fb593914ac24b1c557c78850461 18 9424 1789 18
875483e9476043011b8de624afc1fab4 12 6346 1551 12
9a61fc5f705ca69ca36d368c3d5cc6f9 9 8629 487 9
07aeab4d5142ccb6aab99a1eaf8c1ea9 37 813051 16603 37
fd6df389052d0b9ccf6a1eef5db4b6ff 10 5366 2120 10
53f6ad79d2c8fb586559bf458f6c8fe0 709 713 0 709
ae3480b1ab630b0780457c1e5208d42f 1 64 0 1
4ec71d5ee8e0979a5bf8042f07e6ee70 1 494 0 1
